0300141339
0326643227
0526164220
0936452764
0573738441
0374603387
0954915810
0994107218
0869030606
0325959389
0567642371
0537795316
0950395504
0996254425
0802020553
0318745420
0901974949
0307356016
0947763346
0337349173
0582451939
0906759582
0397358551
0945104155
0887585013
0763049119
0765976510
0892927641
0787593578
0738595858
0540805753
0327081605
0395867849
0561363642
0949556571
0768992343
0519508713
0709541450
0574657239
0758531057
0393810537
0909312859
0356729251
0570019478
0860010160
0859342861
0723803100
0344943621
0883508207
0973795214
0987303142
0994542548
0833518688
0509814781
0395023616
0779106335
0358502851
0547083024
0737214367
0768805847
0881612068
0888625812
0525758606
0360825189
0564769196
0349821511
0782436359
0769402098
0377323395
0391826585
0731312813
0310225947
0724138012
0551046755
0742999331
0311585251
0753094309
0895083094
0873389237
0385355065
0846081293
0375076563
0840808144
0811846870
0773408749
0758240312
0860577313
0722922893
0952507296
0520868550
0310354125
0501294756
0327654700
0762320980
0310298427
0949793711
0930203087
0554320437
0333775842
0993665540
0801766146
0733014648
0595513860
0537074883
0716644407
0958810471
0576866803
0916342157
0820955187
0875628000
0734772714
0986211914
0790501742
0981370231
0317999602
0724586057
0505964500
0806582281
0704961227
0882802373
0532331392
0938217791
0759207421
0978197182
0749051856
0592970574
0375953047
0795525299
0844687665
0733148662
0511419929
0838249589
0937790518
0549160419
0788558875
0599815672
0534658786
0378038948
0937879658
0913289535
0770129349
0517012743
0942258121
0922507469
0530847595
0877535764
0929622960
0385343996
0744978862
0883728882
0391464371
0877495455
0747640688
0925580746
0918149606
0969906617
0373857360
0959274322
0582732536
0749677773
0995936941
0596409702
0858225296
0985391849
0914337372
0924555340
0567178924
0593664364
0768180984
0782825891
0543122803
0760700092
0599161447
0770093925
0731831318
0967613632
0971304951
0806099236
0333786766
0983285279
0920107033
0525451734
0971917397
0991982341
0896414702
0762285509
0835562790
0757764722
0332937301
0520404146
0304412119
0854690064
0952570241
0393727023
0729639105
0583940984
0501933693
0741723563
0909174189
0991867038
0709348981
0936280320
0837817393
0547384672
0826314526
0596590418
0570111405
0318555268
0371366459
0933168585
0877943407
0806057951
0344817474
0301992361
0515770227
0965073927
0767865976
0558359762
0879103407
0396131358
0345016141
0562824028
0574343424
0509068294
0973510545
0722312677
0842153247
0863887913
0515275401
0703337052
0965321376
0372975880
0864666857
0838227476
0570989433
0537445414
0912166451
0886851389
0977192085
0541452594
0739442778
0950077438
0885928346
0341946444
0794721311
0375318030
0312564057
0938470011
0345951850
0905039978
0711077897
0866526688
0820231531
0508298902
0518911739
0888144871
0500114268
0711152393
0972969946
0599931307
0828594212
0933267874
0759867036
0710929769
0548257230
0501619725
0773299872
0851920479
0858089841
0903329364
0781291382
0307990181
0738213001
0894073261
0975454143
0555702179
0300020779
0722671403
0744364246
0878972888
0834355766
0910674040
0728598024
0370774935
0806477065
0825847151
0860634894
0590966543
0708797584
0769929360
0953424761
0515444369
0311588701
0743874410
0847218565
0343439727
0381260842
0500042567
0768338256
0531570835
0752427516
0755449283
0398262492
0920999381
0787405387
0529126349
0706786003
0982771024
0778133136
0571339292
0724761658
0341950489
0778350770
0908934804
0359673428
0715886970
0504704623
0835627538
0341587547
0839665573
0841048528
0346604783
0783786356
0525990388
0743292521
0838967768
0952310312
0330941073
0391041583
0508554636
0344136626
0900474917
0849617317
0990915137
0559062600
0388599631
0332360629
0382546568
0997568867
0585892312
0545517893
0959545529
0306365537
0353139954
0803417540
0764341983
0578155863
0523853744
0577628955
0715682230
0585942042
0928898544
0388336646
0902537455
0355456250
0528232529
0965382534
0597608297
0875818669
0326490440
0560507494
0322213131
0824471547
0318179488
0717804703
0330024650
0973528689
0528772935
0904095294
0395019916
0501019773
0393597093
0341165736
0902753500
0309865715
0577938106
0923205575
0378772592
0742114885
0709744868
0316147018
0925017439
0980731706
0352534302
0968859155
0505411244
0868440399
0599308813
0891941083
0948541661
0900157587
0901339216
0780781411
0942831692
0571854657
0823184076
0773358732
0565968481
0736467880
0911196274
0852126967
0354420100
0800880614
0524759921
0808519145
0927478774
0900462207
0853031110
0516764896
0789713877
0708985243
0966627255
0563293880
0331120679
0997953039
0905171935
0715529341
0904217431
0384902549
0311496494
0860183975
0942965276
0766115316
0804214069
0937958342
0539205289
0308421925
0917916678
0717681142
0728004078
0750244705
0527338877
0966987417
0946796782
0936161153
0721662500
0959859025
0718870279
0926916731
0729316924
0500382047
0544353408
0906230303
0811787141
0543430412
0824484695
0305973544
0827735340
0350311938
0502149067
0744787388
0901335946
0554575465
0500188808
0892585992
0897797915
0936055900
0533140368
0932091759
0782054395
0872533843
0356188117
0731050905
0851371969
0392323250
0573538480
0335692025
0898344940
0572832693
0889720285
0951400041
0817914215
0327634945
0774844549
0567582374
0747908775
0330132091
0310312176
0991806799
0336969765
0951640208
0976676495
0849813986
0993186034
0545398534
0348921318
0922317225
0322210937
0932887474
0383497882
0789993009
0844525110
0509307492
0540191993
0757403879
0925111619
0392455243
0318948588
0769268731
0864874029
0974945310
0808554681
0505920270
0816545534
0593774590
0516947811
0819431407
0360868237
0908295226
0923136715
0574007287
0354375451
0946483484
0705700440
0329307508
0997904893
0570473552
0355945012
0807177740
0325123090
0722606020
0782367543
0911605033
0850200894
0780686165
0365097029
0949202080
0524005905
0989530049
0387421766
0801072684
0899913001
0860987346
0502021590
0868355189
0578521640
0892311006
0760818144
0594806038
0930419458
0717972439
0800811563
0375514289
0750536673
0847862015
0978124250
0783998640
0568740926
0876985030
0366427753
0709539618
0711192104
0718344153
0927754560
0807132075
0837842345
0793928259
0777473707
0931784158
0978546236
0888413791
0953946502
0965335508
0315962741
0554110161
0392345476
0905401635
0786965967
0772923092
0354982029
0556396722
0939853210
0983035050
0301672362
0518721246
0306331224
0756859380
0734910147
0351205763
0712567135
0756054917
0883779636
0311316741
0521176393
0944572406
0929275216
0893826417
0387738599
0565112939
0573651678
0311805386
0357309763
0328350607
0717412110
0780809519
0392881235
0981644692
0554823370
0395292924
0861359408
0548562317
0856869836
0703253650
0753233438
0540264522
0589787081
0900426882
0997600675
0946764611
0332052862
0915530486
0569194352
0341793163
0316626153
0318807471
0957874811
0336346288
0510273657
0531165772
0768290316
0556159136
0593241294
0864814651
0551288661
0934520680
0545222158
0977792985
0861913926
0300328407
0940749192
0854049782
0984508413
0796041000
0321457968
0388209158
0520821790
0830142039
0591385545
0942041202
0747729443
0778945990
0363232615
0742449488
0397972581
0347119541
0894068195
0373192210
0509336343
0946489282
0880850696
0943918012
0932536974
0810218069
0712297594
0939981044
0773246222
0766738228
0729628371
0853237109
0965103336
0766915531
0864398266
0865621855
0784220655
0587182899
0329920798
0599415813
0727578127
0538531768
0398868243
0397921974
0570134384
0553362008
0979244420
0552366681
0533929806
0394153152
0320169900
0521136648
0379547427
0905091530
0868417834
0957326546
0546129685
0790978276
0809294385
0871476154
0818323758
0385274456
0968891524
0913929360
0573487147
0946295107
0374268744
0898248323
0939321260
0899932874
0938625503
0994430279
0829634010
0310859970
0388540929
0358697146
0533008954
0367572338
0582232706
0792039549
0736333028
0827949485
0712276347
0772066032
0748843188
0595545207
0700437648
0737862292
0844435745
0561367591
0748310352
0700907394
0321833494
0951400410
0392836735
0710929156
0956839878
0950993081
0968702929
0345376895
0713816190
0717554792
0706901160
0837077923
0868747705
0775142893
0721562452
0769803166
0928315870
0796321969
0503385958
0963922117
0530273369
0727253083
0346467900
0879025652
0328850107
0720697072
0900904675
0764573695
0362143584
0949086872
0996075767
0560557975
0596271454
0318534894
0997453051
0892739568
0914526788
0891013001
0354169783
0538066981
0997594518
0841598082
0794327826
0307618147
0312934262
0907121446
0922080068
0567384635
0329762716
0816157803
0501064929
0835885846
0749587643
0890340917
0866680962
0337450864
0907685605
0937502139
0842379455
0924194864
0815935852
0500798248
0876953977
0345612824
0355546590
0837946784
0954677236
0847301022
0300296388
0980011736
0767463072
0834311105
0500848995
0911400328
0808145380
0378077732
0356474210
0753206749
0325799547
0968056946
0596398780
0765760139
0303830084
0751545355
0946964277
0333734147
0846274005
0381436055
0398457047
0965678263
0979993604
0361959590
0965984080
0524888090
0941528252
0708367182
0583963204
0554089394
0515520031
0723182100
0863509868
0367664890
0339746039
0511730101
0561252238
0706784979
0399430017
0814602083
0338642246
0739555988
0979872418
0810891770
0832425434
0756767340
0960953153
0557106589
0375096713
0386420362
0353083428
0989600008
0852251525
0996603464
0504727566
0910850526
0747268230
0919316482
0754536168
0308293265
0300098899
0778282908
0704069202
0527009867
0355245411
0977260571
0815674234
0341573763
0391398727
0599630713
0847693498
0790297256
0347971568
0853570625
0582599232
0516867135
0383133978
0331939520
0790676728
0377128766
0887795675
0362963760
0995021822
0597174277
0364492989
0565822217
0973281944
0902135139
0595248914
0815992158
0822486262
0361747469
0370291257
0976837752
0376878030
0883844765
0350896641
0940574365
0520406108
0820532357
0999674007
0763565620
0725543079
0585428157
0904385157
0309710079
0749963927
0555550275
0858723093
0920956694
0590747402
0752387670
0392873862
0751270862
0773560824
0989522766
0992092679
0979203426
0995234117
0532112497
0367501326
0747375416
0596744857
0537509349
0873756077
0513432671
0745669678
0942325610
0515105522
0901958754
0764195439
0581246570
0978865802
0381914295
0305997518
0829098930
0306795850
0504931075
0893568219
0723126491
0876030724
0371602911
0841893287
0513146741
0994072413
0546422062
0558706288
0852114506
0942552094
0994676868
0323724072
0551457483
0348252652
0935897624
0903586692
0989922126
0362802926
0377633681
0915100116
0869697656
0840848104
0716353892
0361968349
0912668401
0931203371
0500247328
0587001070
0709462035
0300993049
0517783092
0911938778
0573944032
0876450608
0354740575
0732681258
0975671546
0921700576
0571945718
0716285140
0361317543
0965885659
0353595899
0386095453
0964416305
0714113060
0316638152
0814148207
0903812635
0541548428
0873488556
0366821044
0969966351
0577632999
0588260947
0794820721
0339135146
0396797575
0308078987
0996612541
0887417527
0510441240
0858658383
0512412040
0550364232
0797356546
0559108686
0935177850
0731153033
0839362960
0521789071
0850989871
0861019622
0736552327
0783165922
0821776340
0786160035
0330478138
0806740583
0782041246
0581599960
0309894841
0826328129
0798991413
0595314015
0363659016
0760961881
0376384399
0787414654
0776643584
0954782693
0553982456
0587098656
0765555067
0971878626
0744928927
0336304467
0351936449
0314393708
0397429551
0556789428
0552757980
0793019123
0920249864
0861053273
0546156827
0742868510
0754784762
0741205739
0991895100
0989238546
0804934991
0712858815
0727464613
0702005989
0989816515
0358209681
0953095472
0332035671
0910748022
0379599510
0795953970
0902374860
0713094383
0305343983
0747935266
0537482123
0755466062
0737954843
0935965340
0796559863
0574756716
0800131399
0504400756
0354301944
0897755449
0511160228
0811238412
0778384248
0568161053
0337103940
0863154158
0300922594
0573583022
0844150399
0592672365
0392161492
0589880482
0953692702
0738012775
0961615143
0300847764
0851269238
0933159818
0961577552
0759856508
0914932345
0373936579
0810352074
0544820997
0771451910
0879078265
0908181916
0325842125
0942096301
0704787735
0310610448
0328127479
0570767542
0310886114
0946768755
0363846505
0850186263
0877598190
0526619940
0979500940
0543173670
0382090698
0374403803
0363559242
0747475818
0896432200
0784995254
0796675730
0845944768
0329382696
0970158917
0768774558
0306755953
0331435739
0599528240
0573119556
0504005965
0800032348
0369190704
0840301177
0919797282
0735853202
0811981484
0827481462
0573806927
0829645684
0591457958
0712080385
0911968296
0527874877
0934919732
0550907116
0376334487
0913586527
0937011190
0956635399
0524737961
0502475097
0323633813
0881199265
0970254201
0863290916
0701473862
0526362257
0850942559
0945085379
0592676159
0907108422
0838193059
0796355380
0913446901
0931628850
0395656712
0354608621
0595724096
0330461827
0568771719
0891936885
0945001125
0910158701
0595221219
0318603757
0504715219
0568762171
0760185967
0539996325
0910381946
0708176028
0305493481
0909212495
0546533892
0559228094
0354598105
0855428866
0320632835
0861829091
0560807367
0300765945
0792189946
0549108426
0317717107
0925987760
0364742219
0372031185
0393593376
0768407714
0708645670
0811929274
0730213688
0361282506
0984153215
0925408875
0954820960
0530200022
0768067679
0930168493
0991292959
0700936300
0856523447
0903488177
0349200963
0843900736
0750380998
0794396934
0969488284
0336733070
0598779752
0717701953
0389735947
0334983341
0982021585
0586575175
0376846235
0718961050
0987143707
0770305503
0805877368
0395365521
0852552674
0867555637
0750388756
0827831069
0522317111
0725553995
0395360546
0580443142
0788369880
0985867238
0598087645
0330250623
0845893087
0881525660
0300304841
0948755799
0526864785
0554514229
0811828870
0503256465
0820300320
0745320027
0574105568
0520901288
0572947754
0880421384
0517145616
0341808187
0986154984
0941878924
0574388489
0714263581
0932936118
0812874663
0877847779
0791895117
0742596121
0860878479
0301433896
0385692605
0384068531
0914766631
0887017350
0788937973
0952351325
0942160483
0774265489
0340703190
0771535629
0705056157
0514192524
0855424120
0330664869
0944707510
0529878708
0768112524
0844403323
0933387641
0868408061
0582355654
0750866001
0928156779
0514590515
0347867844
0743390819
0541530721
0824085592
0824235944
0515240219
0987882286
0745125050
0859977462
0858180861
0799786422
0325470944
0991168451
0866354051
0905984833
0861604934
0397640188
0797687084
0335365040
0502383690
0714311466
0950538192
0595005511
0531900959
0360651431
0587835825
0918481104
0557226764
0791667005
0813157459
0985290302
0337800979
0880874155
0504799842
0790720180
0359166121
0851280540
0738487746
0889053522
0908145570
0324995493
0516478255
0730081731
0983116127
0347572300
0802097160
0852215324
0954409076
0901758767
0591475448
0739262052
0587280453
0749234619
0704211510
0549942806
0968662932
0831971633
0306613228
0743951254
0708346395
0817685349
0776309681
0946608926
0551472503
0714914704
0300592183
0805851628
0325544829
0911172165
0853966140
0374104884
0509963318
0770588665
0538316776
0774770423
0983666877
0917049532
0829379045
0732567968
0306674892
0999203029
0719604404
0313038428
0519788006
0915629031
0317418316
0940010732
0595853838
0770913146
0562172065
0887299852
0370078947
0877222970
0568881936
0712021399
0832532008
0750531508
0543259641
0506138964
0987696899
0399217859
0780318460
0758052676
0562957212
0344065986
0385765237
0735725161
0946354530
0303989537
0334182003
0888724008
0568433043
0831358544
0863593232
0741595797
0350312693
0748976369
0571352480
0732237145
0912946818
0824216644
0931943486
0789161862
0973825985
0397403369
0960803891
0708612374
0830024762
0580261992
0541507049
0521635513
0995310888
0589620277
0308485828
0344591345
0327324211
0545497058
0581472972
0593483556
0993540454
0836244338
0871045375
0329121971
0841292307
0585400224
0771327581
0840415937
0966115617
0303465617
0888114247
0826370088
0394612126
0395157064
0529000581
0943831689
0908613380
0871533795
0848678080
0712276062
0983250060
0783441259
0369783588
0516818648
0874166722
0762933192
0378390591
0337760741
0596435469
0935077854
0850237273
0516368805
0798001301
0558522077
0377226308
0989953471
0812494794
0740477965
0805601074
0785193088
0557243357
0858209867
0893253804
0371843817
0709447972
0730881437
0795708679
0746461865
0361978637
0793640099
0714716565
0500794460
0721444794
0381093754
0387391797
0926321330
0903879846
0349315418
0887181908
0924067488
0589848462
0554945320
0819126008
0988242625
0579863824
0799332596
0717388350
0910097191
0965408223
0574447771
0538765201
0923919534
0980843376
0506183484
0585403830
0363447113
0920030623
0989415642
0306462100
0967094126
0984783520
0721547946
0532997204
0350082255
0830551898
0302520563
0381756935
0972789821
0508408016
0985511399
0564610447
0720310001
0577918104
0826622721
0527001771
0781582031
0382334362
0340880225
0335150436
0723312035
0582636660
0568103947
0786012005
0539062770
0373076221
0779858448
0707651932
0776994581
0730422672
0366766549
0371642390
0867285035
0903549696
0382646334
0927447656
0843764163
0380132935
0810112031
0948543381
0864953027
0382712378
0850593199
0394365884
0504614280
0992367158
0333545465
0872893649
0334191859
0735971448
0934694555
0799567246
0754952334
0875549214
0368322620
0720801326
0933726530
0793274289
0501065304
0590538516
0369141332
0345166224
0833102064
0507891008
0839139024
0388729918
0714612345
0303934191
0592856791
0569728344
0852270000
0953245776
0849088977
0869761474
0987856193
0340423414
0827638035
0858324501
0937031128
0901760571
0802290120
0991461634
0936060979
0711525666
0800534527
0868516940
0777501673
0712310533
0399559598
0739009323
0352634807
0846704846
0593786220
0356823431
0502611169
0519726574
0802745114
0756126882
0355590649
0928710475
0565573799
0969594085
0814513424
0531698029
0859649006
0938791558
0953742571
0333436407
0883868897
0730375870
0300728710
0867260830
0376057542
0938575296
0832824567
0511790132
0971602236
0307749689
0303470321
0389016712
0535383913
0525410967
0786778353
0366756823
0313246471
0592460394
0802714106
0773333369
0305030078
0518402590
0722581597
0975086745
0521667343
0725443931
0987760986
0846154005
0809689553
0863759846
0889107257
0788166678
0375350355
0934728611
0376899122
0538307818
0503535443
0979272784
0998998876
0389851088
0345877561
0877723629
0936151716
0320307241
0703580145
0763778293
0769836918
0893714845
0509442089
0384157441
0813920032
0960809723
0911536236
0330359164
0967062125
0864868004
0312705725
0759605838
0879216181
0576571288
0993237318
0377980788
0947455323
0928590558
0559645419
0530542723
0372161732
0836435215
0369271196
0996854476
0717027287
0399720111
0958875120
0937721444
0590749564
0970784186
0339460402
0866540929
0326221354
0983329537
0883081277
0728979997
0803037592
0885358899
0528559802
0509931616
0777492826
0590769632
0814307863
0364989908
0715372845
0989127133
0321930085
0745456636
0810516018
0932087299
0969008421
0954946084
0992527885
0372931941
0995518142
0751718782
0597675882
0535682627
0732787941
0561685719
0756298078
0383692990
0987070829
0383007189
0391855539
0703185076
0721761921
0877246873
0932338571
0545574343
0571455125
0718500601
0338210300
0772019598
0593790212
0725332406
0939735530
0938188137
0585549799
0518699676
0758281960
0947215777
0753865438
0363399970
0815781312
0709977334
0758879459
0891452495
0960313589
0552017885
0829798732
0502611698
0967631207
0362042512
0781704341
0745906228
0536199246
0336717961
0973127250
0533239667
0876613707
0394170018
0858962235
0718383569
0777963068
0533610038
0811246638
0314124562
0521835464
0721596713
0759906227
0968480049
0399016272
0925274332
0355041314
0346223186
0960091881
0306744853
0870121729
0848382880
0785336177
0925995796
0363232050
0997915109
0371180886
0804532995
0773360315
0368092971
0738260621
0881995176
0387442383
0544508059
0800447441
0963895837
0387960107
0875663874
0974317399
0753336715
0728311910
0939617941
0356093822
0842756119
0889432021
0308420273
0527341290
0767478451
0713204353
0908083357
0385029852
0370250547
0922062280
0376607406
0756402643
0563941121
0566593301
0332852604
0919194349
0789273352
0527987637
0353000825
0730555470
0572025475
0830403291
0965478017
0765392355
0855832099
0955253614
0994820186
0949299421
0786131105
0384353565
0762368792
0974794093
0786034979
0564005633
0817003318
0922912205
0731839977
0850995305
0715887842
0905004527
0595032247
0342905417
0884385467
0937916296
0507095115
0345204638
0968832940
0332011335
0822374400
0392331878
0702888297
0776850984
0980740539
0802496755
0531452942
0380039225
0942771117
0792362821
0839561761
0723671032
0337575725
0592742985
0369037548
0754092071
0725838427
0324146408
0319460125
0751524082
0742294878
0948393411
0894827410
0961534911
0364250210
0512911558
0973536504
0384316068
0509747109
0873169188
0514641136
0710610380
0778690666
0340357522
0806815759
0874668778
0810167158
0864763503
0521068456
0826664159
0503812458
0522671053
0532481805
0952084968
0571848459
0349277184
0583399518
0777922537
0994881855
0994665451
0796171319
0858011505
0723207964
0894424239
0373032086
0775441191
0980489017
0915662406
0880430791
0835847726
0395951062
0906352344
0381821188
0514640053
0333101851
0356162373
0599058189
0748679618
0750698570
0718116877
0825691729
0862890490
0754759130
0357259072
0321852291
0347969440
0898701639
0905489405
0987600461
0566412222
0795739458
0753628546
0976914318
0542521549
0809795655
0728060952
0543117712
0576428406
0342235765
0728995438
0990319289
0503298220
0969182301
0744678466
0764829785
0374898117
0526280281
0944097866
0839129108
0759022041
0768651160
0977238490
0878541056
0306520552
0993681127
0713859547
0938052260
0339150262
0343157427
0825645069
0881525107
0523577597
0331763187
0804381584
0738115843
0980563663
0740218179
0953819436
0989440628
0832297906
0312688175
0574021079
0992101769
0577384957
0814995547
0741392089
0787674830
0980672873
0509036758
0938402314
0903732978
0352022673
0377885359
0369693519
0735166989
0574178211
0354676330
0826093151
0734683847
0324299429
0599479880
0386437801
0318277144
0921157181
0508311123
0992185808
0337120098
0806553651
0986326993
0827299457
0389983815
0883867122
0353026298
0575248126
0915293782
0559721075
